		Team : tanmaydatta

		Moves : 176

0	|	1	2	3	4
____|____________________
    |
1	|	1	2	3	4
2	|	5	6	7	8
3	|	9	10	11	12
4	|	13	14	15	0



#############################



		Team : harshal_jeevan

		Moves : 290

0	|	1	2	3	4
____|____________________
    |
1	|	NaN	NaN	NaN	1
2	|	2	3	4	5
3	|	6	7	8	9
4	|	10	11	12	0



#############################



		Team : 

		Moves : 0

0	|	1	2	3	4
____|____________________
    |
1	|	NaN	NaN	NaN	15
2	|	13	7	5	6
3	|	14	2	3	12
4	|	8	1	10	0



#############################



		Team : r1s3k2@gmail.com

		Moves : 256

0	|	1	2	3	4
____|____________________
    |
1	|	1	2	3	4
2	|	5	6	7	8
3	|	9	10	13	11
4	|	12	14	15	0



#############################



		Team : harshab

		Moves : 446

0	|	1	2	3	4
____|____________________
    |
1	|	1	2	3	4
2	|	5	6	7	8
3	|	9	10	11	12
4	|	13	14	15	0


#############################



		Team : desi_boyz

		Moves : 314

0	|	1	2	3	4
____|____________________
    |
1	|	1	2	3	4
2	|	5	6	7	8
3	|	9	10	11	12
4	|	13	14	15	0



#############################



		Team : Invincibles

		Moves : 276

0	|	1	2	3	4
____|____________________
    |
1	|	1	2	3	4
2	|	5	6	7	8
3	|	9	10	11	12
4	|	13	14	15	0



#############################



		Team : codegeek

		Moves : 314

0	|	1	2	3	4
____|____________________
    |
1	|	1	2	4	3
2	|	5	6	8	7
3	|	9	10	11	12
4	|	13	14	15	0



#############################



		Team : bhatiabhallad11

		Moves : 576

0	|	1	2	3	4
____|____________________
    |
1	|	1	2	3	4
2	|	5	6	7	8
3	|	9	10	11	14
4	|	12	13	15	0



#############################



		Team : best friends

		Moves : 372

0	|	1	2	3	4
____|____________________
    |
1	|	1	2	3	4
2	|	5	6	7	10
3	|	9	8	11	12
4	|	15	14	13	0



#############################



